$ANSIBLE_VAULT;1.1;AES256
64363939333865386161613861353237623637383432323666313238376137613066393930623931
3062343531366163653535623937316563303038396465660a333338303937626666626135376662
61343830383065633033636161663965366438363738363731653130616335343739396666363265
3437303463613338620a396635343334613136303665663862303935653863333735373762356432
39643639366430343434656132386434333335316431373430643830653230366438653032633739
34383266633837623038386337646533646639646533653764383833653166353131356335353761
66353337613934366565363838643735326465356665656430326538383363316430623731386337
36383936363539333962333031333138363534346635313431353161323638363236326130303932
62313839343235643066656339323266373435323136363761633130323631383761636430336262
35656236613331393238393365383463653830643635643633666334646364316666363034633236
66623033353732663462626136386261373939656266356562613366333436653937393062343037
30613562383339343032336666623730636436396630363431343037663963616261346337633737
61643138633536356665393265353463646536373232383264376465306632616362666133313262
62336561633965323336623634393161393333626131393132333431626431373134363735646664
34363766323463303533323634623862343331663664623237363838316161313836386266306665
32346265363639656166323236663232623936383561343465306635656332376235393433396637
37323939356630336534626339303838646265346565323435353666646536633135383536623539
61663132663237626665373665313035633931396462626536383763343065613431626566653034
63346330376265346635653638613262373536323232376133346361373034383964366637333465
38616133306166623831356232613261626565373931303537623735393534393236306136646536
31633465306238313964306134613361633465336439646238306162613736366161306330666164
63363039336461613935346233656563316130353938653562353165636331373734623336613037
62383632323264613066326466323031383639333532303463353166366331343363393034363332
62313661643030663930653133363036626533323539343530343663616638633835653834333765
66323831653837373038633032643435363363343330653836373536643764366538383637623139
38393661313930643538326638316639636164326431626138376533313838376432376464336366
66323435323635653635336666373436613563383534346436303863663932386437656535663037
64356539343639613138656130623132633865336333353731646331333534613961353835306238
64396263623465653533343837643739666661643031333063646330616664616231373639613737
64656464313130613666333834396630663539323131363235373236363033363339616338396563
37356434333332316337663539333261323761646438386234303335303439616261656439656665
66343831653634613863343066663063666534623431326333626164333962663931343031623465
35306463303238333765646631326633373339623231366431656663396637376165376139613935
66356161633631623966356430396338303932326165616331616238353337353630353331393765
65303831306363373734366666373562663165663033663463303738626138646535343738376664
34313131303933363964336661333964643164643638373932393936616464613965653736383138
63313435373634323234616666343136663361393331666135323762343261653665363666383835
35653530383834656538646264343165623237646631333131373738303663346135323765366537
61336633303163646566656261356263636437613834643666316664623066643162656262333835
35623131356162393939333036383733626462663239343036653461663231656537333938663062
38343463623666653131343766333065303335646262643061326438343734313639363933383432
35646437356331303764356661333137323162653763653562623730383362366334306233333665
61343436336262313135666134386536363766623734313362663732616538653935643862366438
33373738383939323938346333393564396364326237393633646333303334623534656631376232
66386364616633363732306166313431393338333634303734313430303135396534653839333135
38303131316363316566383630303866333163653635636463643566616164326334623337323336
63303938303431383832303737373539316135306363636664396137313263663666633865333165
66393765313439323830623439363437383366616562376463353735356235366137666233373738
39393931396464666431353131666639396632383936346661313064363565386138613966333864
38663462366463373665303833633563383362383166653738656263343732663733333163376235
65306633343163333336613738383839373938313536306533393034326365393861393332346238
64653464333663353964323963373631373134396431396539316233356164383930656131623365
36366238393738323932336537616333643439343435383536643239636366303738393030666566
39633633343733653562666432353763323164333465323933316333386134316665623863313266
32393338383031663835316331343931373638646231393435316632626435376637623564633861
65316231383762333034386439666635663265613638613932366462313963636465393435643964
39376134393034383166356637356539333664663966646637653438626165373661356636386562
30313930633965323035633234396364363636353064666434613931333038636235623064313735
66663665343734646634323634386232396530336534613965666234336436613633376566333734
61656535343561653736366533666437383036363164323338373738313932666364633961386661
66363434396332306234623063653365373466336533336465633633333233363963323230653732
35623430353664386431373738303538303938633861633661336562353763393764633538353864
39323665373364636363316561336366623666316633306233363333626539356334323933313039
61346464336530346433376462396164313761363338316435316338313431303465346538646239
39346361356331366434313330333934323363316636356239316539323734393134646662316263
62373435326536346666363438643233343139336236366161623435633634613839643337356462
65633838323763316438333630653666313934313562303935393330666635303637376337633731
38303036643165346661383964623230333238383939353331373066336137353630346532313161
63336435353934326633663936646263313436353764363735663065626533663966643138653464
31303237613934383562343331643833343238653836333365376233303535383737646334643839
32333132386562613634393634633263343663346564353261643466643165376166616463653066
38396435663561646238333565623235383266333937643939353561336532333664316462336161
66663962343934326664623165313666363966366531383236653165623661626163373630613362
62393337393662633339333562353537653333393138643237663164666433633539373233316639
34383462306664323966383133633831623762336239616335306636353934643463363433333935
32343636386661636135333637636335323637303236646165306437376336653636373564386437
37363166643439653965623065306330613038633134366466623833343538386333623934383935
36353661376131386463636565666566643362306133393036633165323037303664303633653761
64396135636564336437376164383933373533646537303264306361326665343737633963653933
33366137336362356262646265366137623935386164333036636662653734653936353831373461
61313434303738366331376233363964313266636133306337396236383261313466303064623631
34383165336163373930643332633935626565303237653465393061643530323838386565366130
34636462303565626330343238613431653062646234666561613236386433376266653735623135
37666236306363363733333330346662663231386635346237323630316131353330666162633334
31323331366565336535613635356131656164336233376536313839633366386635316430343631
34633233646264663962623735393033396266666561653061376338656166323234636166623933
34343538613939353436333238666139616430316333663533643632383134333766336664346264
65326534353035316339646564323964636331636334383737326361386662323637376332313533
35353562333735393330613736613461363863313534613539303835613066663961623739626632
37333864346639636430356363356564663330653839393131666163663437653762363630343939
33336238616161656364643834646631656463373432633239386432623965316462363566373861
34363766646636396462333230653038316163643531636261623361333336616630396134316632
61333730393631663331323063386564353131643462626530333365343065306330333437306432
38393731653736343638656238383161356339656436643262333438663062663439643238336265
64366363643961633334323462666536353439373937323061333332333832333839333466613063
31363766393538326463623262396236313761393431353835353833633231313262373731633634
34663061653065383462336161323264376564383639633639363962326430656433366130303334
61333333316532633064393163393134386165616566643663376530663163373335316461626434
66363861343033653735366566386362386165316263356632646336356665336130633364643731
61623838316364363437346361313735313663613032636339363265316361666130313963336263
38333864333263306330353234373066626266323363633666376631643731383738303732326163
31323563316634323132653431386566346364323062393437343334623930656539326231653639
31356465356139626163343937356134396330313566666235653761306564346336366438313131
62393637343938626235656331623132643634613039303735333061643662363733336536336533
64616331636338356239313235616236613062326531633962613231306464626165306661643830
62646637613938316137383235636465666463346662383238643232656564386666623365343365
63306538373164643535643963366162396531373365303530376362393733626164356665343239
63653365623334353836373830663433666263383830303162646263663466306532353861643834
61383730323638356432636331336438643435346630656334333265646165386334363033383438
38303764326664653764653235373363373235353539616634326233383933353865666530373064
62353338313637316130313661313866376262623737383461393665616464303533646662383061
63363766353066343130636664353333653461353836313361333965633236653063343965396262
62363763383236363739613532623863376433353039356461326266396139616330326339623130
36303733376465313231316263353630386337656633613837376135626335386430633461653965
39303266613938323438306662313461623764646232376165383531626364326633383266313866
65346435353734323161343766666439316538623134333364313262383136616435623666313866
63646565336130356634346330363937363662323262316630323233373862623965306461643233
64323133353137366366376635333635376135616235653335396636653965633833306661303933
39613763646435393666663862393365396165323536623762616632393466313233616238356466
63316462303761666332303065356633623637323565666634386262303839616331303833316661
61323966656437626366376630356466323433383961306133633231306365616137326363346363
31313233326266373463313937393736616136636561616332616436323031646263316335353739
38633034643263653333363332636162643062376563376532623166653836346363316631613966
63386262313630623630653630333838376538636631363766333135343562333236323131656164
66633233326230313838366231663438633438333338373935313433303561316165383037326338
37313933386263366564303162356666623466653065353065613635393734396633303033656434
39303764393135333265343764376136663962643534366436623562613737633962613730376138
39383336313834313765643038333830333035383830376266636163646262306438663761653739
64396238613533333138326535326461333838346439316138303938326564373863653433363138
39633136336139336433643866316563633831336661386565386237356538653638366339646338
62306534363464353332333062356364323666623037633131623461636664646132643839363434
39623336313961303830336131363363646231356563333662666132666134353438313533633662
32306430303839333566616466626637653366663738383565663131373038343564613032313838
33363138343435383362646238393938383339373039643539363366396666663635303066386366
36336166323561356361333532336361646337313462363363323364633137346238383338353566
61323337373432353131663934346530363632303561356530376363643462346162613031646237
65363730646362396161356338316535633537333865313937356537313939663666373432383539
35656466383030333265613662633433643865633335616532313930633731303963313638323932
65626662636233653966613439326636663833393837376435376534333035366534623932313833
33353834353435383131626132653539326237653562613930396133643764313735656134633365
65613861633732656531646562643237346539373865336166333762646136363263396238323332
37333233613130366363396262643835316230623864396131366135336430366434383237646465
36363733626166666666653832333564653333313366623233386465626436333033303938653839
36393433396537636662353366653563383364323935366233353738613864623432393338376265
62656332323138613362626331646338633731636235613761306239343732333165396432393661
65626265613732316336643532383536353435306165613664653330313666356237353038613739
65623035333635343331653765356631363032396331323132636164313963623239353266626266
64656563653961396362623431393932303064306637316534366362363766336334663039666664
66653332363437323835616635663135656233313065643164333435666665663863306133633337
32333434396266613764643839376330396634376563323136643632383031393134353064633265
35663638656661653036613536313535306537376334633536343938613130613135323433366364
36333237613030353536656133613564303031663337666565653037366438613338613731303566
39353363393336646137656333316666303336303064646264623962303563346164646562333866
32346564346434306262313839633139363032636535303961303030613265643565363433653732
64383631386530363234326334393738396235643130366561396463666434623937643438356532
35663130306432616235643037323139356132353037313731303863316536653630343238653535
33333963306338383963393431343331316237323266353062666263666230373461326464376632
34636331646161623330393732336134343832623038353463643939396164663632303034653962
33646562613235396135343062633766666666333038663635656530393139303532363238393430
36613666353130336564353163373062386433336538343534623935356664326238363366613332
62616131313830333839623131613930623035343738313232616466663531633862646233646139
38363139663361373666663632323662646137336164373761613734373331323466643366353363
65313037396332333630626462613830306363306532303832366633613931326661336164333333
31343634666463616661643263333238333836396663386639303034386432663337393166653363
33623838303035633565643834663833376561313462303534653835303963616535343832306230
3430386364313132393131333039616661663065643537346637
