$ANSIBLE_VAULT;1.1;AES256
61386466376336376335666362353465306231626138656134356163623362616366653966656537
3337313634303235633031656433643733373763363964660a646539303738383336353335343738
65326563653136343965396433363362323430613965643031383435313231323165646133613234
3732336236333232390a356662326264666665393366363462623965623161643434313338343765
38643361326537306135316264333838646362363834313262343065623833373534393434366163
64663133306432316434336366393731356534623537623065373362306461383537633965313966
66393537633132663034666334343866613330316437626661303236303735333661326134613663
33623161393437313431343839393539376133656336383432366536356365343732323361663764
61353539626666356137633639323732363261653935343439306538336234623730356561656434
38343932313863616366663162316432333330653334636362396534323965343066653265323231
34643139653564313633396236653964636661346334323466666263373662343137303166393032
33393861643762666133666565396336613864613964363933356566346634393532356462363039
34323362343764313539336432353537393464313730623261633966653234396432376234303932
39663734316138626163626663666132613035346564323966656533653231623739336337643864
32316236313063333662386439663762323637343833353831396430306266383736666536343938
39623432373439333736313038626462313138353237393734373939626132653764643135393461
66363534353031633266613537366130626132326532333263303730643633376331653561616565
61306463626463356134383565343830303632383136666136663639383933343665373962636663
38343865633331306336663737656338346432646437626137396130623363396233353065633365
31316165363561353065306632396132383633643166366464376438393038393966656432316533
35666163346364393733316565623365663031386534353165613463393133663631666566626664
63343539613539306231353164333261633631363163653238613539323335363930663432646361
39623461363630373164646636396535616563666438363431333039663531646231386530323632
32343834613634313464636338613365306661343964646434373633303939376137633232376466
6139
