$ANSIBLE_VAULT;1.1;AES256
34646636663431393232336563383066653938383562356130343630376530356363613931303330
3863306465653961313632636330383138393338643663380a623661663037613466306238343038
31623966393430656138366562306266643438626462646264613735653066646234346662663561
6235386563366234640a393230653837373332663338643434623263323966373436653035343838
33623466336365643961623562363963306134323437356139623662333030613336313430633265
38303066396335313765646335386339383861653065623238396531373335623064383234623936
66376430656165663537346161353331656630613139333633323639613632313631636566623835
32333839666436303264356635333965343730353064643166353239333965343230663432333365
33643061353830353036623264303238613736303837623864303630386434663962623763343638
63333331306538363138383863636561373763346363366331383930623934323434363931646332
39313132663032356630373763633837303965613932383263353563306437643865636130386265
31393662383639376464613735346263346537373338353339633437626262623165666363353735
34626466333437313337656534346437656639643162626330646162666232643930313031626432
66343433626165653735306365663765343931393930623362386133613566333766373130616332
39366239656636306566313866353064306339613364383831326665616131613533316639353238
30346361363365336466313835383135663662393165323064636162613762623561326666393261
31623730643633653863373863626534343234363939656466623965363236633135636433663464
38616438383933356238643365376539386232646634636231333838333134666639393132623635
31653430663937306163643234353230623532383232326431666639353561663133376530656137
35643035613833373037643839623339343166393839333865656165656430323566643339316336
62613865626662623237333362663937363662623734316230666239646130643261653664356661
36333930343133393837393832376666326436666165363961356561666261363631656462633733
34636630666261626439363832623433643233326436643637646434643564653836323833656535
63383330656338643836653065623965393966376263333634353532356561656538663531633961
39633263353736333262333062373433373635376566313636636136346563393364613431663465
34623932323833663962313830396338663831666132306461353135303464666534396136613761
62393363343535626635643831396534383735353938353262333262656435386535303364663835
35643833383139393338623765623263613864666665346330666432373838313664333634343338
35333532656237616662383365353663343138613965653737366661643337666466396661356137
63656664643366303865633232313534643266303534326662333366393234356565613838323233
32626438616363343362653164633265353065313133306537383135393336343630623537323034
66306333663934393463363864666165643665613039636263376362383834653836393062386334
30626636666331323463623063336532386339373665383832666638356433316138393466383536
39616464646339653531323337363137363066663138646630613834366364306636363839643036
63366661356166306330393039306132333532666130373566313930366663626231336233373462
65646163386133303264343639363334656164633336336338323162636530336331653335386464
35303837666462666238343338393931353635396131366234306337326161313235326232346333
30656161623038336562623530643538336131326433616365386636643765643564396234666533
32353166613961363534643139356432336565663634333961326230643634653632633339663635
66633463636632616139623864306661353932333535663734623738373437303532303165633464
35346661343663623333633763346638393539313063366234343832396363393664656663643336
33393861333566366437303865333661343130663661336434666231623861373635616638333236
62623932346133303962363739383363666438343532363731383565623336306338306164613133
64636231326261386634663861383561373164336439323234303230336437346137333539373937
32346532653032323635646361313038356339386137643463346436323837366232643765643638
35386335336438666562343831366437656635636135383734653164306139336432346235373764
64626336343838656331626431356437363565393732363438363839633164626230653738643633
30633332656166653937376331376630643162313663656632393037653061353332396463633563
39303130343732653236383430666634643934323762643939663732343761323736383738346539
64613263666565633038623464613064346565393239303663356366303165376330323961623264
65333163316333613764353536306663316139393062366466646430353262353866346462326534
39343365356565333934373336623061633732333932633436356166346263626466623364333566
33616363386131343535363339336563323034363162623635363662643432343731653736363735
38346137643237393561656236383361643833393166333438366366363961633932373438373964
63313035623831343336626631373638323361343738653737336635333264363438663537623631
37643832313165323137653332346564346237323861396663626534393239626334393632643264
35613738386132663636616531373236313933326361343163333930653162343932393261393062
35356466346236323534353535343665353765643265663530313231366136356265663333346432
39353561383837343038393430353838396562386565656530656361623339663830343163393236
39616337626434386339616662383538343331383232353238383936353539396637393038323461
65353435663733323135343930316334626136346131626539356134623633616263393664636333
65663834376165616332323538666134366262326162653330373964326166373563653662313461
64353536326266346237663364626638633334373935613332306635316139303133313939373262
38386265636232653736386462396233386236663131313436303465376566623233333865303939
64633434303931646239353739353730353430303930626638333765643033376431663930316438
33393232363536373464303632623739393333353633326338306437663632373038336330373064
39356665303565643765626234373635633130393966366337353662666336343362613561633439
36323964636330353266623839396430623365363030336432303135313734643461356634656435
37646630326364323439376436376536326635653234663934626564356433363637346432323437
64376262393161663533643039646661333862626531343030343135326433633365353933643864
37343766343362653439393666343930343237323762303761366332666531363739646162303138
65653539643939643764333235653464396365623837336565306165303636313231393766353564
66313838333838323637613437653466653332393931393662303434316230393136646261346333
64373735333432636466376638393136306532383637663739356639613632376234313032656432
31653537623062343339303136373634643165616135383664633236643338383762323631643462
36396463303735643061333562663464333532376438613039343939626238666465333535633335
33373134343930363466643531646338386231396363323065623336323833356462383632373535
61396361666362303337666465313761323237663638613638623237323565336630383236626663
39303363313031383832663031366437343435323436636362643438663665623665346265346131
63616234313466346162643765313163643635313235393262303534336138313934366539336534
32373731306634373931333537623637646437333230646461306532646532313532363337643366
38323862663163333535396536303161323865623539613962663836623261363334323531663633
32383735343131663538353661306461666232303866643338303236343162386131326362386335
34376236373430346534333436363663316562643730373462636432646263376330356138663034
37383661313766363439373031363038346234666334356538383438393531653063383762346332
31383336353030313735623630353862623266613761373764333431663336323438636466353338
32636436326162646561643835316637623139326333366136613330663764386661363639626531
35616633343964623666646132666632383234336538616138303366343966393664303934383961
33346439643931616130313463326637396135353235666461623961656233313464376538323262
37343131353936356637303537346133323531366161386231643765376639333362653737393566
36386465386633353537616333386631626238386136343839623936323465343132356438326432
62396339663966663062626466346461363237316466316238616338623538373033643832383862
37653439633665333934333763643335353036313035653662373738353332333462323966366431
63663964616662633930303161326662666230353862313665636433353562386563326265323861
66323834656431353565353562313333653935666463373063383837623935623037636261343435
31383431316466353930616666393765376266353465396164343335343466316431396362353662
33323761653938643639633130306635636662643932363638396135373034353766343236393733
62343163326464616137336133383433333635366231323537303836663036356664393631313238
62636531653332356161336235336635383333386261393930393362626535396336346166303631
38313936373637393664303662323662633165643433383737646665393762653130316234336138
32393837366532616165333038386366363765376334353964353265626230306165336334393134
62366332373733396265396263393463643135613039313839646461393665356633666263373335
36393537313861313062656130343531656465613263376239653732666665353761356131396238
64343730336334616439336262366665363763393531356463383830656336363261326265326230
63396265623235356439633834366366653235326662613136616633323266303764343165363461
62633233626333306631636334633363316136306131333363623762623532383666633566333439
31626632643330613833386266333237653733343932343837663334616430336161343835373864
63376564336164326539623637386235663433363035393865346261626337316237326265323338
30613232663333656136326432333965353836383964393932386263636662653266653833313365
36653134643231323266303261653361333730326331316365663135323435656261336165303832
61393732353362323034646338393866366539333136363639396166633234626238346239633235
35393530323232336531616430313766646263333362363133663138656661303466643937323964
66663534663764326363653132613863383231383836663936353936383862306435646663663130
35383638643061613531636166373830396364313038643366343839346139653866633934636133
33663833666162366436343238306164646237623265326634336133373365326638343661356539
66396135666635333733333266306237333636303033363161303361633832306264323439363764
34383834656439393164383335303632353533383635663234623237333865393032363838646430
63336431643861343937346230356130633232383664616263363336356336333232303065326366
38653739386238663031383938623039666131386362383561643662336237366636356433653662
62393866613364306638666265636633353837376431393162353037366638633239303336343762
31316662316430336438656631363863353261613966313832623230323061613865323765616237
62646635623562396133623139336363393030643535313832396133383937313161306531383139
66626164373638373134323031653532306639653234383461303766643535386263383564616261
31613436343435656661613961653636643932343466646261633863333339313962306364656131
39326137643935323064396338626137353162343739326361363631343163373165613065353531
37396335393130666261383539663133653161313134366530393331616361383964666635366334
66336564653766396435653334626437313830393139636362323834353134333962313238313135
30656633393536373163643661306537396466323465383535323532313163316230363231646531
38376537616331316233643166653766663234336333303837653737376563656237636533353165
63383762396539346333316263356563356365323637306466336363383438396464383966316665
65383161316231383961363832376634316331643162326239653264653332373737643732373330
39353731386562636464343532626638303733393530373935313264353136363736393532666438
33643931643866343435663230636364373636336266616262393438616534363639
