$ANSIBLE_VAULT;1.1;AES256
37376561303935363666666533363133313466393734343233613266343930393763623434663163
6236656636316131306632383861626130353035623364640a393733376333636435346135303966
32306538383264613165356363626438353937383665346536656639373834366335393063643830
3134303232663632660a353931333261366264643835373637343061323737623135353965613263
63363264326635303733653639313964663036666463313461383565656233353764663338346634
61623366653630393439313232383063383964323934333835376463623639346539616431336234
63306565383533313239643762643261666230386466386536626462636263363534623831386631
32353132616163303465373638643338326266343739613235356234616436343731353132383636
66323332623431356339343138616462333436636435663964386637353237613536636630316630
61613062613337653430376161323436623732616138373931323539383130666534643962366435
61363365363233346635333030613836393066316136343935356266373438303265346665663663
30343263633364653639623430346662656437356139386137303937313234663537303363643435
34353662363539326165376265373162656262393032636234316432353665626461356161626434
32316133333364633161313831366666663639343136376534613938346236343461366538303066
39656530343534316332336166363366313736333933616163623833373461356534333532306237
33633034643032323237643866636661633663353232323866643137393066306163373338613733
37333132363731363265626262376335393061353664353363336132663234313930313136616664
37616663636162323364393732626464613465373563343632383033663736363133326663356431
64383735313165623266316561653566333938313537356561626137323437633861326230366338
61363431623230643361376637306433623532623964663139666163356637643137376132643732
32393466353736636361613237633537326161653864616466653335386239336639653862333831
37343263313532323739323364343431343963323766313531346132663838376561376263646530
33313233363966666530353265623935333630373333323831396439366630376365383236656161
39336133393761636665373262373539613865616533613138326332643936363665373537353163
61393063386630666466313264363365653731393766383334653865383134353739303539636462
64653936326435326266623364663430316633653936353262323136313933656265303662323636
34323637666562346665383334326536613335613539356131643936303066626433643537666539
36393661646437376139
